"DLT0.LOT08" "DLT0.LOT05" "DLT0.LOT03" "DLT0.LOT07" "DLT0.LOT06" "DLT0.LOT01" "DLT0.LOT04" "DLT0.LOT10" "MVT0.LOT05" "MVT0.LOT01" "MVT0.LOT06" "MVT0.LOT07" "MVT0.LOT03" "MVT0.LOT09" "MVT0.LOT08" "MVT0.LOT10" "BHT0.LOT01" "BHT0.LOT07" "BHT0.LOT06" "BHT0.LOT03" "BHT0.LOT10" "BHT0.LOT05" "BHT0.LOT04" "BHT0.LOT08" "VHT0.LOT02" "VHT0.LOT10" "VHT0.LOT03" "VHT0.LOT01" "VHT0.LOT08" "VHT0.LOT06" "VHT0.LOT07" "VHT0.LOT04" "SFT0.LOT08" "SFT0.LOT07" "SFT0.LOT06" "SFT0.LOT03" "SFT0.LOT02" "SFT0.LOT05" "SFT0.LOT04" "SFT0.LOT01" "FST0.LOT07" "FST0.LOT08" "FST0.LOT05" "FST0.LOT06" "FST0.LOT01" "FST0.LOT03" "FST0.LOT10" "FST0.LOT02" "FCT0.LOT06" "FCT0.LOT10" "FCT0.LOT05" "FCT0.LOT03" "FCT0.LOT08" "FCT0.LOT02" "FCT0.LOT07" "FCT0.LOT01" "CDT0.LOT10" "CDT0.LOT08" "CDT0.LOT05" "CDT0.LOT04" "CDT0.LOT06" "CDT0.LOT09" "CDT0.LOT07" "CDT0.LOT02"
"DLT0.LOT08" 0 0.381582182479792 0.242371803158667 0.341762306312516 0.282799430220833 0.338772972343754 0.310328062700336 0.347848299822924 0.498011760786058 0.574298921641988 0.510544394319957 0.547369204687347 0.530551346352012 0.581858619446844 0.580395864796411 0.635926391832718 0.61341254331023 0.57621499437708 0.55227772180413 0.569531904426133 0.510083047652237 0.546635815369275 0.509726776185919 0.557311080989495 0.569393068959104 0.605583745125232 0.500206023103503 0.523699010174428 0.519004893480409 0.495764289291397 0.503498650953427 0.500700050641961 0.670400076764531 0.64275319768184 0.61015179837275 0.650501806700536 0.64772901497234 0.721594662971139 0.707949666407089 0.648292538461396 0.52789399897543 0.595391683382648 0.572916057084658 0.598668146248759 0.590052959268573 0.497760289955521 0.476560103541271 0.538277435909081 0.624884046893444 0.543480086270222 0.566281386372981 0.529601676579181 0.503840570894322 0.542127602802392 0.522520714681305 0.537116614728555 0.600525553838854 0.57804356836808 0.491401442049823 0.492364744847778 0.631558581368916 0.550241965686924 0.585933325042936 0.574995554370054
"DLT0.LOT05" 0.381582182479792 0 0.3316965801867 0.350831470731017 0.370430701670423 0.369070534104224 0.320343351958334 0.390720813701294 0.468523472626839 0.518115301183019 0.467858395715833 0.524754533211148 0.511505776698253 0.561389507177225 0.548187793684124 0.620876772484999 0.606790311911667 0.545416805659119 0.563524670412321 0.541665714403251 0.537969245906754 0.541466240671802 0.499892029051757 0.553283189453411 0.593096938649184 0.598603016693542 0.536360089224855 0.530555761184333 0.565851671781771 0.541911365726329 0.580306543311267 0.56691210929743 0.618006746693074 0.594396710915996 0.557978196233895 0.586038504460798 0.583880034819968 0.667026160650181 0.657557484623087 0.582389939750301 0.48543250120801 0.559397646364217 0.54824506827403 0.565384593565451 0.55089138312476 0.476901532813751 0.472826404475236 0.493751178522236 0.566954464461746 0.49322130854487 0.542018386226811 0.516666077766501 0.483348075913501 0.460881879200726 0.497378574217369 0.512916387791623 0.524793898754596 0.513537184035209 0.515371764599851 0.48165435175654 0.583575566935739 0.511334307967417 0.546045183654398 0.54433876556319
"DLT0.LOT03" 0.242371803158667 0.3316965801867 0 0.314526595509958 0.280268797650179 0.337446015745914 0.312457745048402 0.361144306458431 0.487934221391566 0.526683978155143 0.465959865467205 0.521047389001024 0.486835269976669 0.556909874805107 0.539252984691498 0.613084717519199 0.604617738249142 0.564608241315271 0.540375427683247 0.540858094990414 0.506237741634335 0.512579671434567 0.511806933868446 0.540609803164801 0.57497455447614 0.627743874064324 0.525680403255761 0.519059079547494 0.541297680553159 0.510160133276257 0.547284054186229 0.533370132272873 0.649157493696475 0.610846698219119 0.596103271986109 0.60731544632546 0.611225056302016 0.701714375324027 0.666635707685298 0.619157878241793 0.522740968507194 0.540222648677822 0.546398934204594 0.560071573892537 0.570621309398174 0.49204460082541 0.486454018646764 0.523830083422665 0.630149098745062 0.528672188975376 0.557102251112042 0.532631710120978 0.486631998543581 0.524583860915015 0.498829101464138 0.536100445590098 0.573186634568616 0.55685451638689 0.489343445498313 0.477747288073827 0.601605899903477 0.544463869332328 0.570286500047543 0.563314944066831
"DLT0.LOT07" 0.341762306312516 0.350831470731017 0.314526595509958 0 0.224118707134615 0.299554977932269 0.266959264440792 0.270410761114073 0.444913547213069 0.525585964116076 0.439649000177175 0.456958393536228 0.447003653356042 0.541940992084304 0.511408590539455 0.601139560904433 0.598685832226543 0.550308562786113 0.529990407645123 0.553962975529777 0.523189179668826 0.528096455621327 0.481092719616795 0.543978156835646 0.572155430681011 0.604307076517012 0.498510470024929 0.53892380204242 0.517708716996956 0.495476922976184 0.538228635938346 0.518200090007718 0.637994886788179 0.597367731507351 0.544080027253864 0.572004201498568 0.577429108123687 0.694549009005262 0.65538146855912 0.591071057069632 0.463247234313224 0.519398702974919 0.514355310028121 0.521582991100965 0.522542951852039 0.435380403632537 0.438826721156435 0.452915837480741 0.640408382315685 0.53216752695806 0.516881958057477 0.506940751585698 0.455571039920676 0.447857697406422 0.500296457292878 0.502088077669195 0.55575709001233 0.525484210033006 0.471014639785525 0.500912546886843 0.589650335907277 0.524246797568719 0.558831292526176 0.555790822306243
"DLT0.LOT06" 0.282799430220833 0.370430701670423 0.280268797650179 0.224118707134615 0 0.291019421797281 0.281673447635933 0.271646459822314 0.484273857370151 0.564865764507862 0.467658569676008 0.485726017134476 0.508621164756218 0.578507767301895 0.560404447118123 0.648245565692073 0.602172846893989 0.540968893078727 0.522173291515082 0.524149167351122 0.474694637658519 0.502135077581431 0.468470561199289 0.504579557781568 0.563802601091851 0.61524574471574 0.476476056747204 0.474770958418382 0.493720226951698 0.483184922003909 0.524859605215294 0.479447782738103 0.671811419567132 0.635322036725622 0.600787003309079 0.63131433224573 0.632571218374838 0.728086838856287 0.708694878610917 0.62318164266383 0.492600400106816 0.566179713956857 0.571636912732189 0.561732518800523 0.55278897763378 0.475402806786636 0.47357309927735 0.491004680469686 0.664743957732487 0.51070986828681 0.531075471277331 0.503860083245642 0.442171689696442 0.488067932183237 0.496747365909988 0.486688306650737 0.579595915920747 0.549390165660785 0.427766435525137 0.462804579704472 0.619381154420609 0.542771141618565 0.569607280436413 0.557649449733862
"DLT0.LOT01" 0.338772972343754 0.369070534104224 0.337446015745914 0.299554977932269 0.291019421797281 0 0.280361147344657 0.238078282352424 0.463273488761692 0.513390536380788 0.447901244128996 0.460953174239585 0.44766752993468 0.520159351244357 0.510243957506191 0.610530797953751 0.624164052907266 0.54674524468345 0.52678769237443 0.541552245726659 0.523453396410997 0.512028733969723 0.44835556574207 0.500877988587432 0.564001585522597 0.589064118431327 0.477730251174172 0.494097062326221 0.494366530803102 0.499495143429262 0.513179389336775 0.478173063219684 0.667705047622606 0.618624227615234 0.590325057185569 0.6280157086722 0.619793518942518 0.715310810124615 0.695142863182945 0.607306515376691 0.476480911251225 0.536281015988552 0.515661333717007 0.541374710904966 0.540813261856224 0.44767148899685 0.434873726003848 0.455740535455224 0.619885849465795 0.531966862871903 0.557852672337655 0.500642789087347 0.460453655799439 0.463290445500041 0.492993270226696 0.517802455838116 0.583194911132663 0.537403795013206 0.468421808457958 0.481699614328442 0.605655881342592 0.537462196885829 0.551499080131098 0.534850538934615
"DLT0.LOT04" 0.310328062700336 0.320343351958334 0.312457745048402 0.266959264440792 0.281673447635933 0.280361147344657 0 0.289069690038815 0.426164438109899 0.482227654719625 0.425127543663071 0.4555413075853 0.451915045279627 0.508703313491183 0.496515274449253 0.577835213739624 0.607088467480392 0.548742281237531 0.519106263194933 0.547840689031044 0.524219079337408 0.525509265781835 0.474320252919269 0.522338215093913 0.553360542972448 0.566072233531542 0.474238296406651 0.491038938489315 0.469849598395892 0.493597385749709 0.504067844460375 0.469830121795989 0.638646414226359 0.59850426418132 0.569684418001615 0.591604989298475 0.586635276067875 0.696885602651968 0.678252886317402 0.583271726578174 0.475447723812311 0.529859511403594 0.518407403825229 0.532093524719077 0.531730886791503 0.46653700068107 0.4151427598482 0.48277048007952 0.612195953269588 0.516412123983985 0.554139670736685 0.507145439851469 0.474646681707907 0.470099228054396 0.491767600626774 0.516912830979107 0.554983920444219 0.520842651153656 0.485727882876815 0.493526557303658 0.609254902867448 0.5356550729912 0.573385255882507 0.559228412089629
"DLT0.LOT10" 0.347848299822924 0.390720813701294 0.361144306458431 0.270410761114073 0.271646459822314 0.238078282352424 0.289069690038815 0 0.44242957101513 0.519542793621056 0.404368599697033 0.444938676029275 0.457363773770649 0.525283431355643 0.507012034804695 0.601618776821046 0.595795493526826 0.554446913667558 0.537152300801583 0.542651929033912 0.531223120963086 0.536177726335318 0.451868675878577 0.498747757827436 0.57594842262686 0.585449337747438 0.497662249233364 0.49593880838346 0.495210872624838 0.510958365033974 0.519799922385515 0.490142190093887 0.660767170694494 0.620803149719511 0.58425248113129 0.612619623552279 0.621162221878722 0.709678076596644 0.695189847143212 0.602495262064862 0.470980517498684 0.562768084312158 0.531847624030317 0.562643536239042 0.535012733583845 0.451474367120087 0.427856302193858 0.465769568310993 0.640860821767262 0.534285312086489 0.543778441848797 0.517561271784676 0.472412730549434 0.464429271945379 0.498389138917028 0.507773116649628 0.560730877830269 0.526594645815738 0.465725673276553 0.491597952862922 0.598132996701185 0.510101601396929 0.537587922096506 0.520187675518963
"MVT0.LOT05" 0.498011760786058 0.468523472626839 0.487934221391566 0.444913547213069 0.484273857370151 0.463273488761692 0.426164438109899 0.44242957101513 0 0.307099425889296 0.273471861319592 0.289862677029017 0.37488447497998 0.346475899172848 0.33729299388136 0.418436745910803 0.619534878137111 0.53539017937178 0.491978229659842 0.535841448469435 0.496009270471206 0.531500260447785 0.48416284442178 0.501136316899629 0.531506750405987 0.512472288140886 0.512373527460352 0.508658485157808 0.482666356924996 0.515087090792458 0.537216657509545 0.533114500343435 0.660612439303719 0.632451823274402 0.580721224030696 0.616395393885891 0.622125230002493 0.688487227062982 0.683899535157183 0.594251093644464 0.528783090036826 0.569733257797395 0.568201279596745 0.549961841640246 0.582133238110795 0.534246943929749 0.476574905421524 0.537384589333551 0.67382164762619 0.581660076523946 0.591965131204206 0.584603579308081 0.532606897837 0.541885426127891 0.575694929901043 0.587565253938651 0.603022722302166 0.599105574797672 0.577550765643632 0.568536512418172 0.617505041709402 0.579258969389266 0.623943541598617 0.586113166303829
"MVT0.LOT01" 0.574298921641988 0.518115301183019 0.526683978155143 0.525585964116076 0.564865764507862 0.513390536380788 0.482227654719625 0.519542793621056 0.307099425889296 0 0.29793397494225 0.337946954835671 0.343581183944956 0.285157281025665 0.289895410318546 0.373232452773583 0.638000498588672 0.585911365748885 0.580690575354765 0.588864328729295 0.551409611536717 0.600776633117288 0.564117850945102 0.541937947660287 0.541567505673413 0.521343180021498 0.558043071797564 0.533478302384783 0.496960809654788 0.540898833854405 0.59461279502693 0.559233495878095 0.607504762381149 0.616471463954975 0.591956641751154 0.612380808464717 0.569776181154009 0.628347488831951 0.649599230686602 0.574861910500484 0.571315628555077 0.541993365664883 0.535784248436831 0.529882251087199 0.609060763197475 0.594303219818772 0.534161681396456 0.580719642216164 0.617999762151894 0.586491843884512 0.587324794642487 0.590619169164555 0.55292717613486 0.541219552816191 0.578390768187313 0.594206370952839 0.582464413343363 0.560720766353876 0.604813886702074 0.596871629434833 0.618068023278435 0.60698258152899 0.615961891531078 0.592965607618498
"MVT0.LOT06" 0.510544394319957 0.467858395715833 0.465959865467205 0.439649000177175 0.467658569676008 0.447901244128996 0.425127543663071 0.404368599697033 0.273471861319592 0.29793397494225 0 0.253259505374241 0.306914795356639 0.30379091446508 0.325033677106235 0.414663864789802 0.629431901103146 0.545996589662117 0.53909891525194 0.5422599958444 0.509465162709856 0.568914019627948 0.512673034579844 0.536856464992182 0.508662276920915 0.564658161230757 0.547409028951119 0.507350187425795 0.497869923819701 0.517575880444173 0.559867043893504 0.554366902110326 0.644842028189639 0.609035044946173 0.58250349212239 0.604287388251791 0.595785391005113 0.678042441943905 0.660718568691803 0.600565181122866 0.539595636092196 0.546546219369445 0.554398130769125 0.522202989709505 0.587987375279204 0.535138361682499 0.512441125126144 0.535879392028309 0.640843859266599 0.582306683326806 0.571555686103653 0.565194467252849 0.532355700802771 0.536262833932981 0.544967648977652 0.566980535037293 0.55531035374392 0.546648860384621 0.557894258429489 0.554445967136898 0.574766241555758 0.551720438873895 0.578010774198206 0.57840158683299
"MVT0.LOT07" 0.547369204687347 0.524754533211148 0.521047389001024 0.456958393536228 0.485726017134476 0.460953174239585 0.4555413075853 0.444938676029275 0.289862677029017 0.337946954835671 0.253259505374241 0 0.346199648894641 0.306655012724963 0.346867441654811 0.422701541133749 0.642402931088366 0.54340862965748 0.527590225570545 0.54365104370009 0.523530665488096 0.555348939396599 0.500727271711282 0.509902347384096 0.497941768229227 0.548509717047629 0.530123153841303 0.514605341821109 0.493562633179888 0.518606130711394 0.576075845956468 0.549347425905789 0.653434144436753 0.616848275118026 0.588722608230893 0.631236753279965 0.610250032690376 0.698332981265006 0.677642693584495 0.575404719945154 0.50594934657957 0.504923053651948 0.533262253763151 0.492235102484767 0.57404498048649 0.5223404196774 0.495026531936945 0.526189931182942 0.694089622921695 0.608993771647814 0.614671816476938 0.616396444758533 0.58200352926723 0.545364854768565 0.597315079242969 0.610045934491781 0.631291630457029 0.596862063098996 0.584810398261935 0.600591110549564 0.634640795176089 0.623351200213077 0.64574652792656 0.632076938705785
"MVT0.LOT03" 0.530551346352012 0.511505776698253 0.486835269976669 0.447003653356042 0.508621164756218 0.44766752993468 0.451915045279627 0.457363773770649 0.37488447497998 0.343581183944956 0.306914795356639 0.346199648894641 0 0.31342620450036 0.319656128182645 0.394802735580296 0.601730765475629 0.557845470321235 0.553467128507847 0.542262138434813 0.543585020538865 0.56436260108852 0.489441648738561 0.5192326590413 0.518041994643654 0.566364401246055 0.542224141984658 0.563315285983225 0.535023790670133 0.53254374417169 0.568988591810866 0.5469996945256 0.614548637522504 0.564819086486566 0.547179569952841 0.551410364324718 0.53875041138547 0.638908002111625 0.62132368211692 0.54325602405809 0.540689508633558 0.468893785168263 0.482336356616778 0.439208358252156 0.524851208847562 0.496687670217395 0.479990031087267 0.507928875129157 0.61484272473216 0.585815891822474 0.538345367577808 0.54473275586053 0.504249329758713 0.532995141094764 0.515821082993934 0.56315367575969 0.583113304188489 0.557365071883102 0.598124680978515 0.589218243625245 0.604741320608448 0.595103138742387 0.610552522522851 0.590964742601423
"MVT0.LOT09" 0.581858619446844 0.561389507177225 0.556909874805107 0.541940992084304 0.578507767301895 0.520159351244357 0.508703313491183 0.525283431355643 0.346475899172848 0.285157281025665 0.30379091446508 0.306655012724963 0.31342620450036 0 0.275009034908713 0.301350112557729 0.633983261579436 0.558958059179167 0.598878215190138 0.550668197097647 0.536802925927245 0.582549247844997 0.533692606525417 0.512692474613782 0.523353074826764 0.543694650373473 0.577547975939751 0.548802288803335 0.506035573933492 0.542897513799052 0.585420165700196 0.563613083190647 0.622602793390543 0.609457718222483 0.601913657013781 0.625434661468749 0.577590740870107 0.68016333235431 0.648736364148268 0.562169828298771 0.596010834160198 0.537851023174869 0.533442517495428 0.506863975736644 0.614952362845132 0.588067016889618 0.543120467717271 0.60339688571074 0.65303851631514 0.608383479574795 0.607813838350188 0.606641872054016 0.584881414883 0.567690806277265 0.598766325910052 0.620157792975066 0.6059292560985 0.597205750646804 0.618982623327615 0.620847794082123 0.61766903522533 0.631271143752741 0.628141446357996 0.618823955046969
"MVT0.LOT08" 0.580395864796411 0.548187793684124 0.539252984691498 0.511408590539455 0.560404447118123 0.510243957506191 0.496515274449253 0.507012034804695 0.33729299388136 0.289895410318546 0.325033677106235 0.346867441654811 0.319656128182645 0.275009034908713 0 0.291727470344961 0.624670101989327 0.558190037258014 0.58221533500216 0.554759852107293 0.542593987861014 0.580632908372437 0.565723127354127 0.534105746748091 0.537164860443352 0.585228943584028 0.597370409120324 0.57906747727194 0.535321851992738 0.562967706904833 0.607837410094489 0.59584797773973 0.581858330897927 0.604186929180353 0.588052972668357 0.584226167895407 0.572210511176686 0.62517403730757 0.618227803450498 0.537024017417731 0.553351652732075 0.506703675782928 0.535894965784939 0.502890698557954 0.578160966861463 0.558903116039776 0.534507193302656 0.566247715961517 0.62171859216444 0.594685410452887 0.603645293806062 0.611692897010031 0.562125058347347 0.563646094843922 0.593954853593196 0.611041872275747 0.602980778928323 0.568854087518515 0.606674628208858 0.631959847180858 0.617284039302282 0.603037384256282 0.626278725079392 0.610445389565099
"MVT0.LOT10" 0.635926391832718 0.620876772484999 0.613084717519199 0.601139560904433 0.648245565692073 0.610530797953751 0.577835213739624 0.601618776821046 0.418436745910803 0.373232452773583 0.414663864789802 0.422701541133749 0.394802735580296 0.301350112557729 0.291727470344961 0 0.625441137170245 0.577739259825556 0.627195589868401 0.579959622555936 0.578951989367946 0.626410717814831 0.619919567699441 0.563370517171333 0.529812440364672 0.578835929725469 0.637204162283067 0.591000216714569 0.570029983554836 0.579800670586 0.612795414810201 0.632211837444684 0.653577344011109 0.654568618708475 0.643699570883285 0.652890115235587 0.636989348045132 0.68462112414179 0.666738898697977 0.585464733932513 0.638447511210212 0.607642596845029 0.632174682770701 0.582618536501473 0.655792011044707 0.647295464849351 0.632636086157763 0.654390713724298 0.670207915820532 0.659624539797163 0.65775742111 0.683675941408997 0.649670655141739 0.633169498942558 0.654691790727236 0.677989034956876 0.647385273666191 0.633969899450967 0.696412995889997 0.686198553348575 0.672621284090901 0.65533849714407 0.679188062264694 0.680288421318924
"BHT0.LOT01" 0.61341254331023 0.606790311911667 0.604617738249142 0.598685832226543 0.602172846893989 0.624164052907266 0.607088467480392 0.595795493526826 0.619534878137111 0.638000498588672 0.629431901103146 0.642402931088366 0.601730765475629 0.633983261579436 0.624670101989327 0.625441137170245 0 0.511509445753226 0.483110058212262 0.49560970921512 0.519315229363969 0.524039910101837 0.537642047221759 0.591700817738341 0.606087474350627 0.620117651663843 0.622810124621591 0.637125504679423 0.644900838567261 0.640026258488709 0.629953092016842 0.621187140516701 0.625251527618392 0.615081140273758 0.591864282629138 0.602065390424099 0.623641095550874 0.664549229933095 0.650383137389882 0.567064705887311 0.56044050000855 0.63204328953256 0.591013295312622 0.597507341911828 0.538803886493049 0.536588944822405 0.565214765567665 0.56268089563208 0.665496626035861 0.560482759118503 0.545420420688302 0.545427424361118 0.556544288605989 0.580830720937996 0.5426569619618 0.546110763850673 0.630391101597045 0.644984337228762 0.657029167079827 0.640567442119256 0.667683073501071 0.646105725217718 0.667815509707865 0.679176783149224
"BHT0.LOT07" 0.57621499437708 0.545416805659119 0.564608241315271 0.550308562786113 0.540968893078727 0.54674524468345 0.548742281237531 0.554446913667558 0.53539017937178 0.585911365748885 0.545996589662117 0.54340862965748 0.557845470321235 0.558958059179167 0.558190037258014 0.577739259825556 0.511509445753226 0 0.370140807025256 0.433231508289688 0.383264544778458 0.335688774174043 0.371266315028937 0.346251881952929 0.467982884368114 0.467796165367917 0.481669263929538 0.476794420643157 0.46614133191652 0.439146138449038 0.479687914405991 0.493252568149146 0.672176543110055 0.661505839315631 0.622776341004594 0.6372061956365 0.660028373533737 0.697130511086021 0.693967209823472 0.615076500201005 0.566155331681097 0.637268105210365 0.637077502740647 0.624214434294573 0.619667438329226 0.602246737482282 0.594569382958707 0.599153440772934 0.690657346138688 0.612428798150422 0.628214459857677 0.633270809616705 0.623975372589282 0.628596393965641 0.619699492667055 0.624393594098895 0.623981461937439 0.637437031338928 0.623306806098122 0.612462274281305 0.645935293754994 0.608216242018372 0.66380824542383 0.67490341184919
"BHT0.LOT06" 0.55227772180413 0.563524670412321 0.540375427683247 0.529990407645123 0.522173291515082 0.52678769237443 0.519106263194933 0.537152300801583 0.491978229659842 0.580690575354765 0.53909891525194 0.527590225570545 0.553467128507847 0.598878215190138 0.58221533500216 0.627195589868401 0.483110058212262 0.370140807025256 0 0.442752108585977 0.3825787135048 0.312774760050634 0.379390746461343 0.351347301945713 0.4540285080951 0.460590546992621 0.438883005437338 0.470152783032515 0.411793666366558 0.44952722941475 0.444737364594412 0.445746959413824 0.680095694418493 0.650564549807717 0.58068914732619 0.621293850361543 0.655842304611667 0.71179396267297 0.690494156544518 0.622602158961227 0.547606581737958 0.612003352851663 0.586020852771462 0.599675143826401 0.592942243129106 0.563724030062736 0.565819619303233 0.56768259976289 0.70673594475545 0.622580359109464 0.639463430795347 0.613647995606809 0.601267728177727 0.614977157340419 0.608627792977781 0.608841852668257 0.675253073029646 0.660284209542573 0.620977598431983 0.592972757279447 0.674205718079349 0.658721825695472 0.678338300368323 0.68116209000036
"BHT0.LOT03" 0.569531904426133 0.541665714403251 0.540858094990414 0.553962975529777 0.524149167351122 0.541552245726659 0.547840689031044 0.542651929033912 0.535841448469435 0.588864328729295 0.5422599958444 0.54365104370009 0.542262138434813 0.550668197097647 0.554759852107293 0.579959622555936 0.49560970921512 0.433231508289688 0.442752108585977 0 0.391522953313838 0.433324282704645 0.449164502443425 0.459914780138555 0.566872497659502 0.576597157425914 0.552728853119437 0.579861539093636 0.54174662947691 0.545526000941747 0.550525437698989 0.558852472716296 0.635218630989807 0.639813978302873 0.627415152132256 0.595781802519262 0.633393560684066 0.691266743513256 0.687919568392213 0.618329282054763 0.532698495215882 0.580033072888942 0.597328608404683 0.537386161869916 0.576526675881181 0.580093823994312 0.5797906135693 0.557841922169584 0.687840348732443 0.596637699577751 0.646404661350766 0.622325472125873 0.615793743961055 0.597429390427974 0.610020036893327 0.621098512856422 0.641490967912156 0.629542893754281 0.621394940573195 0.60954497608209 0.656018174951737 0.633964174559843 0.661658076672116 0.656638761744158
"BHT0.LOT10" 0.510083047652237 0.537969245906754 0.506237741634335 0.523189179668826 0.474694637658519 0.523453396410997 0.524219079337408 0.531223120963086 0.496009270471206 0.551409611536717 0.509465162709856 0.523530665488096 0.543585020538865 0.536802925927245 0.542593987861014 0.578951989367946 0.519315229363969 0.383264544778458 0.3825787135048 0.391522953313838 0 0.350935897370214 0.409491228235117 0.324692147252733 0.457662978107643 0.478481040761595 0.444618054095571 0.46130311776641 0.411900753620937 0.399061378861454 0.436129614060583 0.439237321220446 0.701065548046383 0.662202017643611 0.599581359706643 0.628449793604217 0.658086988380266 0.695799742943445 0.706770999320305 0.628409354727665 0.581675594499622 0.634929772325435 0.635820538932707 0.626320437727711 0.593996571898064 0.590094366058032 0.588623283852611 0.603507705595854 0.706149687045383 0.592920285104459 0.622228283762974 0.608536136223532 0.588226513204824 0.597244266032972 0.605341700897869 0.59390053667263 0.644581153581704 0.638228841054834 0.592576031580099 0.584534856386291 0.645483230132286 0.621901802742017 0.660812864604048 0.664057757516348
"BHT0.LOT05" 0.546635815369275 0.541466240671802 0.512579671434567 0.528096455621327 0.502135077581431 0.512028733969723 0.525509265781835 0.536177726335318 0.531500260447785 0.600776633117288 0.568914019627948 0.555348939396599 0.56436260108852 0.582549247844997 0.580632908372437 0.626410717814831 0.524039910101837 0.335688774174043 0.312774760050634 0.433324282704645 0.350935897370214 0 0.362484200696421 0.307732849695993 0.415946744479669 0.447269403435547 0.408320526274779 0.430942014844523 0.409575735768293 0.402473811849007 0.386547548143736 0.372795458224902 0.660414154555647 0.652574410874187 0.611290657931693 0.633445168783956 0.659498476604731 0.709629740487446 0.700917832958018 0.611350918032281 0.550405127014754 0.60714016298954 0.636059234079857 0.620208525518142 0.593037330140176 0.566863310494431 0.563710310915909 0.580149293364412 0.699731104738137 0.594980329881361 0.620879548239011 0.601712075282619 0.614357347045367 0.597276639583535 0.618979182066261 0.602249994681057 0.656720337307734 0.663905197953138 0.617734522063494 0.617163190089849 0.67885171184063 0.650131332840868 0.680681719232789 0.680863694201356
"BHT0.LOT04" 0.509726776185919 0.499892029051757 0.511806933868446 0.481092719616795 0.468470561199289 0.44835556574207 0.474320252919269 0.451868675878577 0.48416284442178 0.564117850945102 0.512673034579844 0.500727271711282 0.489441648738561 0.533692606525417 0.565723127354127 0.619919567699441 0.537642047221759 0.371266315028937 0.379390746461343 0.449164502443425 0.409491228235117 0.362484200696421 0 0.353765704726153 0.491211961691663 0.464446581365253 0.392964747976121 0.442839421660314 0.432744752461114 0.43356724075261 0.43925318858778 0.371003831417625 0.691575350521827 0.604916386776581 0.568730239504463 0.620718654205607 0.624252291835124 0.726576077219031 0.699624100971161 0.636381255986145 0.515004232248915 0.576189576769907 0.543830420737391 0.55468853784291 0.513256254154837 0.50431179409731 0.479202598471384 0.506346256758194 0.687062929746515 0.579325239190059 0.577611030403653 0.552563263484446 0.542136720636983 0.550256425448991 0.568320027348797 0.588547252603314 0.642819422190235 0.606231469464142 0.570430208832956 0.557073436246205 0.663271573289006 0.608931396024933 0.639206798808264 0.64378464537351
"BHT0.LOT08" 0.557311080989495 0.553283189453411 0.540609803164801 0.543978156835646 0.504579557781568 0.500877988587432 0.522338215093913 0.498747757827436 0.501136316899629 0.541937947660287 0.536856464992182 0.509902347384096 0.5192326590413 0.512692474613782 0.534105746748091 0.563370517171333 0.591700817738341 0.346251881952929 0.351347301945713 0.459914780138555 0.324692147252733 0.307732849695993 0.353765704726153 0 0.350235201413596 0.325564901920002 0.357860632221337 0.344106578963608 0.298920787663096 0.325396011403052 0.32011533913228 0.331581513788806 0.714240911667733 0.693810255156619 0.640945756126454 0.683691385271566 0.689514667161452 0.750071248745331 0.730705550085506 0.626129232792486 0.614965234967618 0.656129977564793 0.654514759543805 0.653791515599432 0.644135379154871 0.625450775647534 0.607265465642987 0.636633759487406 0.744409850497508 0.65790702074633 0.67321095400164 0.665757931191723 0.651427880592582 0.629605036177349 0.665242684174502 0.66272917002288 0.67539451288117 0.661034343420681 0.630425208275716 0.627642423517933 0.683889002378457 0.655757185872178 0.690053714941135 0.679583861073779
"VHT0.LOT02" 0.569393068959104 0.593096938649184 0.57497455447614 0.572155430681011 0.563802601091851 0.564001585522597 0.553360542972448 0.57594842262686 0.531506750405987 0.541567505673413 0.508662276920915 0.497941768229227 0.518041994643654 0.523353074826764 0.537164860443352 0.529812440364672 0.606087474350627 0.467982884368114 0.4540285080951 0.566872497659502 0.457662978107643 0.415946744479669 0.491211961691663 0.350235201413596 0 0.35870131826297 0.353886659840656 0.370865096651239 0.341068786860019 0.295060174727234 0.338762257324977 0.385610705709556 0.652410824501311 0.650032043128243 0.612435460174732 0.654593052332182 0.657570994064138 0.715095919434152 0.672491231252791 0.605706840782405 0.621000646901971 0.640139329546123 0.642149099031944 0.641776630826496 0.643907936219042 0.626670080700701 0.595953065479366 0.650504707602137 0.68394981335339 0.634583238471381 0.650458172608542 0.641147297730705 0.640967179793108 0.610577460913524 0.636436109744059 0.638430689743713 0.673965520787274 0.67771038254063 0.657271470136967 0.644701747376562 0.684699569187033 0.667102913567508 0.693592170671322 0.670888621057983
"VHT0.LOT10" 0.605583745125232 0.598603016693542 0.627743874064324 0.604307076517012 0.61524574471574 0.589064118431327 0.566072233531542 0.585449337747438 0.512472288140886 0.521343180021498 0.564658161230757 0.548509717047629 0.566364401246055 0.543694650373473 0.585228943584028 0.578835929725469 0.620117651663843 0.467796165367917 0.460590546992621 0.576597157425914 0.478481040761595 0.447269403435547 0.464446581365253 0.325564901920002 0.35870131826297 0 0.387058372769983 0.355548556471019 0.302021016045053 0.317688964574752 0.322414685080189 0.359286932438591 0.682532392616258 0.675803239506816 0.639487586952707 0.67013613648113 0.681790653532948 0.712055901653681 0.685312808771954 0.640488476726505 0.627114515732061 0.675170038247662 0.674492890831249 0.654007700493613 0.670423796561773 0.650566512602135 0.623347602401237 0.658181333547504 0.720111964500022 0.635995812675847 0.649192719954238 0.659741248141225 0.649760667468434 0.622612422303612 0.658862672815291 0.666585339187377 0.669665187707723 0.667211604009392 0.665821616363071 0.665339079205438 0.682652662454279 0.658408867807747 0.698653797102386 0.666332717736059
"VHT0.LOT03" 0.500206023103503 0.536360089224855 0.525680403255761 0.498510470024929 0.476476056747204 0.477730251174172 0.474238296406651 0.497662249233364 0.512373527460352 0.558043071797564 0.547409028951119 0.530123153841303 0.542224141984658 0.577547975939751 0.597370409120324 0.637204162283067 0.622810124621591 0.481669263929538 0.438883005437338 0.552728853119437 0.444618054095571 0.408320526274779 0.392964747976121 0.357860632221337 0.353886659840656 0.387058372769983 0 0.33725010734054 0.291154860125056 0.326771288870055 0.334275291398119 0.225292467219882 0.690529660082075 0.623552492585991 0.546829608227589 0.618868897264152 0.623841779443108 0.748573822624889 0.711615974562109 0.650385648194193 0.567447019268528 0.613810621332997 0.592749527143074 0.585926729128926 0.561450501758127 0.545321314409516 0.516179421560401 0.545313492716355 0.705118179826456 0.615964244761805 0.597800041244032 0.57536224659953 0.560766534612229 0.567858671584766 0.568011166235216 0.598282099347285 0.662609063942222 0.65342673834321 0.605561282643836 0.600271931405458 0.674584913258032 0.651127153431916 0.662366654955279 0.646839753874851
"VHT0.LOT01" 0.523699010174428 0.530555761184333 0.519059079547494 0.53892380204242 0.474770958418382 0.494097062326221 0.491038938489315 0.49593880838346 0.508658485157808 0.533478302384783 0.507350187425795 0.514605341821109 0.563315285983225 0.548802288803335 0.57906747727194 0.591000216714569 0.637125504679423 0.476794420643157 0.470152783032515 0.579861539093636 0.46130311776641 0.430942014844523 0.442839421660314 0.344106578963608 0.370865096651239 0.355548556471019 0.33725010734054 0 0.309055551784543 0.314562630131198 0.328953840860132 0.32644625297094 0.719716173115287 0.71920030300605 0.663115837385194 0.706216245973513 0.701394645519161 0.75399859225591 0.73727909511861 0.649906964042091 0.635649693334396 0.665284371346186 0.662913761765384 0.655285769079162 0.6519764899793 0.630875712487971 0.582713134343354 0.636505679494938 0.672366721804932 0.61209932742561 0.654548903468977 0.632317839180012 0.599044592392944 0.606484982241279 0.621799116969614 0.630809168653242 0.634701167311624 0.614919561430474 0.587891228305503 0.566288373916941 0.662746654964383 0.614982430280526 0.654647180108783 0.643217607143021
"VHT0.LOT08" 0.519004893480409 0.565851671781771 0.541297680553159 0.517708716996956 0.493720226951698 0.494366530803102 0.469849598395892 0.495210872624838 0.482666356924996 0.496960809654788 0.497869923819701 0.493562633179888 0.535023790670133 0.506035573933492 0.535321851992738 0.570029983554836 0.644900838567261 0.46614133191652 0.411793666366558 0.54174662947691 0.411900753620937 0.409575735768293 0.432744752461114 0.298920787663096 0.341068786860019 0.302021016045053 0.291154860125056 0.309055551784543 0 0.268787245863401 0.2502347724012 0.260539536520748 0.699557586671764 0.687864937838511 0.620320706538985 0.676722174086731 0.650550004198505 0.730669046626559 0.714452324072158 0.628119074210341 0.606966517688919 0.64044797109543 0.619908397986345 0.612329905691347 0.644478649924571 0.582911529641611 0.584296391283154 0.619485337190304 0.712445690747666 0.635140746795646 0.653774738055189 0.647838569623107 0.62956120979745 0.614480746183107 0.635433807147359 0.649899831393215 0.676135880158283 0.648619636914415 0.633236070115806 0.62579575323049 0.683049466207683 0.660926376891026 0.674387944126433 0.661731058513004
"VHT0.LOT06" 0.495764289291397 0.541911365726329 0.510160133276257 0.495476922976184 0.483184922003909 0.499495143429262 0.493597385749709 0.510958365033974 0.515087090792458 0.540898833854405 0.517575880444173 0.518606130711394 0.53254374417169 0.542897513799052 0.562967706904833 0.579800670586 0.640026258488709 0.439146138449038 0.44952722941475 0.545526000941747 0.399061378861454 0.402473811849007 0.43356724075261 0.325396011403052 0.295060174727234 0.317688964574752 0.326771288870055 0.314562630131198 0.268787245863401 0 0.320307872231377 0.32035654013901 0.709747993719801 0.701895995424576 0.640684330673719 0.688824632162926 0.685192201242389 0.723892747525839 0.704036279732474 0.653296377937132 0.603454795143383 0.660403587621116 0.655982567331219 0.658991938963594 0.655983020914576 0.61995525500007 0.589251627013197 0.646131508972962 0.703164132001796 0.631489458990476 0.651619338921021 0.639176859946495 0.611722815212733 0.613854379230309 0.620904895955427 0.640550752258202 0.660939947933596 0.646410799061946 0.611314913848047 0.61374536920329 0.671713445819882 0.615400038252055 0.673683704370276 0.655084097657713
"VHT0.LOT07" 0.503498650953427 0.580306543311267 0.547284054186229 0.538228635938346 0.524859605215294 0.513179389336775 0.504067844460375 0.519799922385515 0.537216657509545 0.59461279502693 0.559867043893504 0.576075845956468 0.568988591810866 0.585420165700196 0.607837410094489 0.612795414810201 0.629953092016842 0.479687914405991 0.444737364594412 0.550525437698989 0.436129614060583 0.386547548143736 0.43925318858778 0.32011533913228 0.338762257324977 0.322414685080189 0.334275291398119 0.328953840860132 0.2502347724012 0.320307872231377 0 0.282628369193843 0.726833460326534 0.687665622890944 0.645636618482653 0.675559816093666 0.684030677294101 0.736376953225599 0.723788219951367 0.646345671657404 0.615679951351967 0.678874698395155 0.677845273470067 0.664460329521927 0.661997807111225 0.626047852166854 0.591983323516121 0.652743631210636 0.721097871566309 0.663814716307155 0.663559199130496 0.64358317574065 0.644506080868592 0.627310430028563 0.651858886762508 0.658235341989656 0.667762432946609 0.678892590315896 0.633211994895584 0.627321858202502 0.689035399231522 0.658649022265766 0.690299611831165 0.68093674245122
"VHT0.LOT04" 0.500700050641961 0.56691210929743 0.533370132272873 0.518200090007718 0.479447782738103 0.478173063219684 0.469830121795989 0.490142190093887 0.533114500343435 0.559233495878095 0.554366902110326 0.549347425905789 0.5469996945256 0.563613083190647 0.59584797773973 0.632211837444684 0.621187140516701 0.493252568149146 0.445746959413824 0.558852472716296 0.439237321220446 0.372795458224902 0.371003831417625 0.331581513788806 0.385610705709556 0.359286932438591 0.225292467219882 0.32644625297094 0.260539536520748 0.32035654013901 0.282628369193843 0 0.694318754341352 0.638770859334732 0.583968233583128 0.643606200877518 0.631041277557307 0.737368824695225 0.705986204656559 0.644482710177681 0.594841739811594 0.627486509313801 0.620040317350512 0.615121559930005 0.591116297607232 0.556143346983143 0.540807099468765 0.584832345926464 0.717250262269672 0.606925260935021 0.601682952143115 0.578927935656614 0.576424395855919 0.588562426110454 0.584115101591625 0.619178079415916 0.656154936303364 0.643855742250188 0.594902227753129 0.618750636910221 0.664744056515796 0.641843843282269 0.662962533488547 0.655391993267624
"SFT0.LOT08" 0.670400076764531 0.618006746693074 0.649157493696475 0.637994886788179 0.671811419567132 0.667705047622606 0.638646414226359 0.660767170694494 0.660612439303719 0.607504762381149 0.644842028189639 0.653434144436753 0.614548637522504 0.622602793390543 0.581858330897927 0.653577344011109 0.625251527618392 0.672176543110055 0.680095694418493 0.635218630989807 0.701065548046383 0.660414154555647 0.691575350521827 0.714240911667733 0.652410824501311 0.682532392616258 0.690529660082075 0.719716173115287 0.699557586671764 0.709747993719801 0.726833460326534 0.694318754341352 0 0.461356039945045 0.469509744260127 0.422707226876103 0.412743477633136 0.403384617389661 0.422627308210967 0.464191065215066 0.577380699824734 0.534552502154627 0.526512607361052 0.528701262539478 0.569775238365433 0.586704202538304 0.602932362608591 0.578307154838666 0.504837276192456 0.518179118792067 0.543905063820454 0.583837387667364 0.620611022621286 0.574087360786127 0.548091351194996 0.536794016557097 0.596547113724574 0.595949437683149 0.67504747431847 0.667364260441449 0.63596737896416 0.656688424540257 0.638098021330547 0.638950450534997
"SFT0.LOT07" 0.64275319768184 0.594396710915996 0.610846698219119 0.597367731507351 0.635322036725622 0.618624227615234 0.59850426418132 0.620803149719511 0.632451823274402 0.616471463954975 0.609035044946173 0.616848275118026 0.564819086486566 0.609457718222483 0.604186929180353 0.654568618708475 0.615081140273758 0.661505839315631 0.650564549807717 0.639813978302873 0.662202017643611 0.652574410874187 0.604916386776581 0.693810255156619 0.650032043128243 0.675803239506816 0.623552492585991 0.71920030300605 0.687864937838511 0.701895995424576 0.687665622890944 0.638770859334732 0.461356039945045 0 0.34946225962644 0.303463208363649 0.327623211280779 0.477458806701579 0.396075487445597 0.416662231430311 0.53220722433311 0.469507934591153 0.480191195017777 0.473529226327217 0.460888249663567 0.492805763445416 0.50074612945346 0.501202818073211 0.598871749107598 0.558453758520368 0.506490854105932 0.486830921687664 0.559053445235324 0.549329184476279 0.514273080774583 0.515949814650583 0.595650569549174 0.602245832200848 0.635934123543928 0.648273643123463 0.611180194395017 0.64663062263377 0.616354594600656 0.608460827430125
